4979986
10261765
9279041
393681
3577382
8662515
13265773
5403381
5072307
1541442
12049600
10951114
4479754
6463
11234211
2773690
8384326
16272099
3067
10966683
9837747
3206242
15083269
2742161
8366
173670
3092
8024489
1222607
8019757
1667444
3620689
11456497
2964
13117059
1133624
5174
7244
2204
5516574
26647
9069024
12661675
14831287
9209435
113
11347028
9726954
1014691
10420657
8174366
1769540
1060
115
3261
4044
4248
2930
3253
11538489
1324914
1549
14046991
8084157
6104955
683408
5197633
6378
8363508
13520191
14291423
5927153
7789355
8294
4053418
5794
2228
8683
13570546
825739
10697148
1472
11883
2612458
8938941
2280068
4921
12564927
5189
17525
5615413
1729243
10948
2357168
13662650
522063
2770555
2299193
10112735
4931
4936
19936
2340
10107
4183
3167566
12491
2489683
3654
11404505
9979582
12870110
11022382
1653
3574878
1182675
2475502
8206950
6426432
5141188
10670255
8112596
3203347
1977
1477
8144098
14365193
883
12994464
2410323
11716130
1526
5057
12974136
4041453
11686136
1491561
1538
2150
1500
5246849
13404991
1391550
1117152
6117835
7962202
8019
3123767
11921345
816613
14710
10482
12251327
11476261
9649118
20410
11584289
10473301
16059639
12833547
27022
17238012
14221146
239939
11746599
8300098
1534
8084
9592678
11657372
15087064
2294891
5061284
5276341
14231634
383608
18680579
11369461
12471257
15540
364
16914
8212442
20290985
1753963
10111022
1527
797435
12055234
8338263
9277689
5321468
654973
2742
10650990
13008192
26670
7554
1581326
17580948
3152799
13181202
11324962
12877924
291580
1079
55838
8192752
31316
9713490
2492277
12104031
7250107
2348
10387850
7903
5105584
6322050
995
3411
1507
18809896
1586826
1537
897386
27233
10862
2298201
13224472
34878
10930666
7221
11594851
3657
9045096
10838830
15322099
854
11193113
8461488
17728
2139844
9057144
8618369
38917
11909760
15706335
7702396
1638
13200927
13265175
1782345
7765390
8744927
1287660
13362629
1748
2616299
26973
11105605
12330
7233
10000
12371699
3035
2317257
4230
23409259
4933
881
13865214
4264201
1116874
9266506
91426
18487
9657829
15424391
6178333
17818
1044995
3733002
3514
15585
14603110
6026
7730623
7702
3488194
3728592
8463786
1094470
17697728
28159
12179054
2449742
7288
8931199
4701142
14149720
13883384
3093889
6802401
10896390
9101638
16065704
1812
5516440
12974142
15618777
12417940
14793486
913
112043
14763615
544362
15069990
1718023
13660382
10522105
10635
3165787
2236
627079
5466
1044440
6185013
409
13064975
17491306
16307
12233870
7653406
6050
83916
15998723
10043010
13309062
13431042
5400850
3962
3159496
11244152
2547220
4432994
2159803
10983364
4349032
19485
837
8410558
15089693
14458411
1182720
12990509
1926641
12179687
5271836
39368
8895486
13320544
1199218
7906284
6518
1045761
2139777
9159764
3714885
1997067
13884933
11055170
8585029
13999245
5927
7283
2936695
48053
2573123
17442790
12540547
26773
8574826
73995
2718
8288
19861433
12091418
3045
10151285
2237
9284107
10821710
15287844
13860604
11837
9530166
13672799
1473
10517610
14034594
14277042
57762
10151
13866423
7110725
13342516
13215502
17650010
16219
6320
13662639
6230241
3661
1590
7489
14541786
6954
1182718
3181280
13753178
7609965
9199704
20823559
87380
4090068
4609344
13958805
38504
4458265
26387
5122
21599568
10072
5537
856564
16570
9293902
6954108
12340
361025
22550
14747374
5173
904416
31129
11914965
13335982
3723855
6752089
11657907
13682886
7391
10005525
31712
12403
7717428
1706884
23117
4453
2222
18440381
8103741
18499935
1588
3247876
4131
16048432
20525242
2921950
11807879
14038411
13448198
8304
25708
12501
6502660
71752
1000167
13671387
2182
18690995
5251946
13554976
6392056
2199
13860458
12422084
1475
15019536
2262
777000
11993910
7025
14976676
20421899
12194468
1182710
13015753
3011
9822197
9139636
3203350
11636370
21214
15082145
3813967
1429542
6435
129
4890
13424300
1428333
13513278
15438777
15865851
17996193
2193618
9071901
1594925
4184507
13037058
248238
24941480
14133665
21719673
13682872
18628034
8267
2139602
11196589
9328091
6953
15137320
2766298
10566299
13667256
13860500
6113580
14831230
4679
8486939
15590894
13774668
14049781
12902269
4301018
10705058
2575
1512
15672980
29374
16425553
13218451
13682900
3383009
4096291
9841764
1479
19539524
7189
3279998
10014
11220185
1043958
761509
3620457
14061353
17409274
227364
2225
33867
5184
9759186
14980503
10838852
12050
4517682
10764715
10519662
4387805
2184
5088678
13860499
83869
4290062
1994
901239
12536755
15269734
10895978
13224503
3745066
2619901
14542492
2770499
5347613
13687291
1051327
2567
156533
2264
12349
6199
4647380
1115072
4732163
3691
7960634
2720
2705703
1107522
63662
12374651
17408827
56615
10019001
50616
15546657
16029939
14673916
12550356
1244072
13609824
8083994
4904
8282
10207434
13135918
17409060
9160869
8238565
4948864
9765479
2889
11786552
1779085
17409268
1044594
19007
17408828
10764714
7468896
11407742
8172578
11738
9689890
14239699
14432665
12249426
15463385
9347622
12130222
12466
1182694
11862
10108
9389017
16795265
17408848
17387038
17392069
14274918
7856
7636753
17409181
12678498
10766282
2449684
852
10360993
504173
4873693
5263983
283
14548722
11534965
783173
11491573
13053189
755085
56867
13225019
13860498
17408767
1519606
7251392
16767358
10959909
452949
15857259
17267104
8702316
13860992
16356735
1228953
15546597
4178
7651174
10127764
9250541
15412458
20547312
10993313
17286683
11775312
7703523
17187600
12460
11908606
1525
12359
15027597
15640671
17409302
16562194
8608000
9835425
2299244
14812544
17409164
14633933
24938
6012
7541103
12135712
8727025
13860497
5123
13342037
16692627
4053
26218
17408769
17409110
2516333
13468548
12564722
8103463
17408850
13860541
858695
17409238
17409331
7191873
17408882
2485516
10555275
17408770
17409323
17401084
16301070
8508
17408938
24997
17174485
10193664
63095
223898
9767843
17409023
31824
15546620
7425
17408826
6323689
16889322
17409303
17408764
7107
4104266
13364553
17408967
2632167
17409169
17409260
3349310
17409211
16547791
8520
16967438
21623
5819
17409294
3731400
1178523
15994916
14021409
5518
5033106
16370387
10596242
12541557
5006483
14803041
981581
4693731
3397
10183044
15969770
17409220
969615
12630136
17409343
56929
16900649
17409113
17409297
14946274
17409219
17408984
14980476
17408885
17992577
12350914
16795227
9254981
8110663
5672857
17409104
17409257
15757590
15963536
21453147
17333153
17409037
15578865
17409281
9589660
16256408
14888774
15523390
18674414
17408988
17408887
16964063
9552372
17409090
17409280
12333
17409345
17408824
3624866
8336391
3376637
17409199
17408771
17409338
23346
17409267
17408821
17408906
17408999
16619941
17409304
17409339
17409337
17409346
17408830
1044159
17409114
17409185
15772478
16454807
16380136
17408927
16964064
9286964
14983463
17409089
17409171
5864
56997
12225
4517507
14943173
21680744
16692511
17183955
17408987
17408820
17409307
32099
6608804
17409177
15789058
16597554
16923570
29995
13811255
3116747
17409342
10031
15994914
17409049
17409318
16552
17409048
6851407
17409095
19075
17409039
10092771
37721
17409216
17409105
12197031
17408982
17197855
15994915
17409074
10412815
2953
15772991
16794452
17408886
17409279
16336054
8019834
17409170
6252
14767810
10488467
6495
13687338
3203356
17408997
72529
17408990
15067085
17409127
17409221
17409356
14509505
2147
8979092
15652328
15855536
16711786
11807852
17174352
1710739
45470
12216314
14870352
17408766
4198
1816510
209
1242461
9036
25918
15186612
4561127
10033347
8488
662641
9989655
11223128
1326705
12572479
4682
26976
8653840
7861018
17692049
2569212
41564
9721141
32715
3500233
15507807
9978
65679
27239
17500781
6821926
15608016
16083994
6006690
2139905
2140082
4731
15534581
3064
3207
8364551
26652
3773276
11494
18243823
21399135
12444
15387480
3660314
2849877
3362
11870589
20558348
2405
10747024
5289726
11366844
11850371
7337
15831970
57744
353
6101
18169
12264261
11325033
10205938
9448063
1811923
3203319
14587710
4091153
3360
609
1524
26308
6621
11121407
4684
36181
6763640
116518
18857998
189748
14938285
20381542
5503881
655220
3677552
1044155
12996
55735
2704
9477632
24496
16695810
6039
11649095
5521
10137
11459047
11869569
11559588
4206105
9319631
1848653
38380
5196084
10655699
5204296
13999688
10129182
2803758
15289887
4061753
1328692
26673
14119770
1014714
8904651
5474405
4730643
12435472
5171
20532075
16843667
13515943
36415
452952
3693585
8547306
146142
10808514
13385991
10636176
8342908
3756
14870617
21142
9053369
6575995
10880481
14526825
2961
3483
39
1196567
44474
4631639
8903481
4741218
18107
10848751
19648905
35328
5340749
8108
26186
8101931
3373
18162759
10012725
2863852
6346
22013853
10934557
12646263
13611751
7049
4834
5279788
14102131
26628
1474
14059400
101280
10982929
1495
2482138
5069
1044878
16737407
1904877
10001
10037482
8282225
1489
2460
10158
15191559
44983
14033999
8594436
4819
9597233
21676484
6829415
10492628
5128
5138
18440637
3032251
3374753
4448841
15602117
12418
13697
8237886
7479
6788033
2834
6467474
6040
8351277
15468875
2499
19071641
3654792
4041
227132
9772025
1577
10709961
2285463
11163003
2371284
8209427
11269424
3167085
9997
13006387
16949143
4589011
9668451
17833481
14261380
8645259
10174
4532513
7667118
15070169
7460810
34229
32109
9664280
9481677
4313887
1153954
3528275
316
7313
18319407
1833030
23158
13306446
11860070
18197339
8446450
6467477
20106
12239418
22993
5187
15684095
4477010
19156
9008039
4304245
5932428
18255
3973
13552618
3238818
2215
51791
5381944
9148458
15614
27147
72792
9597161
3968
12273234
13492515
3599321
15468482
5321435
3405
10007399
22627423
35538
19985
11226199
23441
4875
8162774
7180
167585
13872008
15569494
4392
12549813
1488
26164
4778104
11129978
11565070
14646629
17308139
2969648
10613075
18414
5668
30888
3437
8255512
1509866
5116802
12233896
15933
290577
773696
5125619
9823870
6491
13410349
12911128
17717
45000
2230
7802
74276
3423
1853
17666
9581604
6450243
7265
20998998
7210
7166
14019012
2141148
43004
14319522
675
13066825
11029809
2041996
1499548
4981
10735648
8669587
31672
3232764
139
785984
14417436
989976
10168
15901442
4829660
13688760
11072722
7899
13204590
22568688
11880
1642
18244
1044999
7513492
15281
21617
16518639
100884
11395972
1045100
71947
8527
18966721
5082
11359489
1045152
5118958
12022012
16413151
11309596
15340121
7223
1045197
5394345
15050704
14300164
19768
14583809
2791688
12012168
10224974
57043
15604
13657674
13825073
1044602
12482
7952562
6410106
1094471
44123
2108
9008038
2338155
80648
281398
2114929
55332
3331
4478963
5025102
47292
9527855
14628671
2165326
3097331
16386382
96198
3428
12421107
15137596
5168
10628
7692812
15967
2122992
5218756
1045174
1535
10440971
14237687
10007394
8877530
57069
5475549
2469438
649296
13393357
14818528
24257
4868932
4882130
17568853
31194
8685197
3692300
23107
10739316
13517128
8202
9491613
24945
11772814
1520439
4907
10242
3039
231513
3493
16566
14321538
247700
13697390
649293
5115
24483
2971
19453928
12134307
18309
3891818
19243
21942360
6467486
22957
13353815
18416
23147
13887867
4451404
2482940
10849907
10181
15104933
15913973
17183880
10146
4954202
16905471
9033844
850607
2146750
10838342
13677041
12748451
19745427
38602
861116
18099
57680
20924227
7542501
12499
3032091
4511060
22040
12146502
11381563
5199
7560036
8292
787276
10015308
13411165
12434933
106961
965869
18595
958459
43257
2764
2697754
4959383
8164780
17329301
2377745
1037304
12471
20174
9468398
1044489
55090
13556144
1148701
2856
3059332
4084518
14902972
2970534
99036
8457
1906740
9531300
9053316
3792018
11797257
1044504
10833817
8784974
8362
10220422
5649736
7930
2927
35544
2354
10035
936351
9058303
16264
1919518
11219669
6215
2882746
8987184
9729114
20292
9157079
12012204
959788
10885592
135945
9286553
11324722
22636131
839734
13029646
9391041
15976549
4592
649306
3102448
6431
4747184
18298913
492427
63259
9684067
10090
9536897
16482
12890234
51399
612503
36980
16674809
8547265
1976
7506946
1676703
9998
22781
2875319
14564940
15179344
3451
4307
13390248
521914
16179297
5619103
14743632
18605518
9767845
8385
18596
5987
9534757
15300127
638061
45579
10430690
6766460
21597915
971951
169174
2192212
13159993
306947
7701
12729915
4755814
85791
14385886
8608407
1064656
700243
9756620
2200
15893418
3364309
2152
43191
7829457
4220
10119023
918
11057870
47291
1044898
2007755
15459180
7137579
16071289
19112
1008
16387
3359
42848
301685
8408626
14414
2156
9989664
16480518
12485472
15198824
9497494
12800
92328
10904212
9089699
17808669
24308
18904625
7263
8463793
9762215
27190
55048
1815618
66228
6407360
18097545
5870972
17585692
5389316
2358758
6280338
2118
8406241
16495
9332750
25002
21711313
8096286
4629129
71377
84315
13177969
16461513
4407732
7114
2068885
41522
11534955
56703
18258
10983708
1044418
13856
776166
19123
20634494
21603
19440148
4458
12415
21579
2332738
73982
12484523
341463
3040
44890
4854273
5179
15248918
12641
1211852
2203
10099223
35814
82902
8509221
93729
8728490
16251
16413858
10629498
9377496
12488
223909
17655039
12538587
2742805
23754927
8070632
10128
903
51344
5594776
27002
15408
23220
4950082
5943
7220
11728
20852239
3037
6252131
614581
16877189
11962482
7703
9964442
4020349
2627176
162507
2051566
13335826
1061783
45627
10914553
9992827
1044580
35237
9160752
2329
18909
1182712
10531023
33070
22536
9953468
171620
9806610
9021524
15039102
8253819
19165
9196182
14374345
2568271
724720
51371
15099
404049
18589712
12112166
14407
11364281
12285134
649299
11324850
10272844
18564491
15071997
908950
106587
6025844
8920820
23653
55065
10944450
14603078
1139039
2198195
2480465
649305
8364270
1623398
2421
16523
18555909
8352507
18898797
1099256
24928
1130926
12514
8949726
13744428
18495
9962970
2596851
58085
16494
4815
5427412
5121985
8330058
1044488
17525753
5664
12393
30628
224344
13056381
1614945
15065520
5134
12677119
24524
7114526
144
63562
5999603
21448073
4764868
5812
5439594
34370
5730135
11673946
58190
6272560
2741521
24963
11071626
14671574
22986
11337573
17600005
22865498
6423684
7563634
21975657
12964598
10090409
17066134
78986
5955972
119589
12225112
17246319
2972
45019
23409
4448913
21359035
23013230
8035965
12463
13140323
9567314
2174634
29144
18415
20881890
14281008
13849033
4897
33345
20135
10483354
6945753
11451535
10088
21559
2310
75977
3420
637581
10723042
11813
2175931
24438921
22647
14297982
15067727
12551355
19040
10206355
15197699
113147
6385416
14216
21075641
81180
372294
5935
8710729
14759611
18793407
8354417
13189120
16475582
1663933
1438740
27113
18673949
9921073
1045339
57728
2129
5028730
14314353
14179804
17254547
9339971
59137
19379891
11201314
4190
8695108
1363050
9953434
9774063
8556314
27093
10692994
9779500
5503
669925
1044311
34289
6295
93541
4610
15065539
1044308
24193
6812276
1677412
5571285
218603
14179354
4065134
8541862
22146586
7790
632385
46558
5436920
4865662
14400745
15601788
39272
15428895
15511134
14852265
14602120
12038662
15716312
56843
11925003
14416206
8181493
197229
28612
4755179
8253861
2893
31845
9339974
39326
14411179
19290318
13644921
11726552
50094
21223
7325
9750633
1209607
8072690
39195
969970
1043961
1686947
12733996
13383327
6246
538
14671731
9116020
16162048
20792311
14034347
65541
13083614
19751569
439
3406296
42673
9058798
17258018
10706316
52359
31754
13875133
15843640
9562607
922688
4896239
3531240
3742863
11283652
214484
14944
13101680
14981107
1833
13616379
3049
14832433
12608264
3285441
11150678
13673071
9822588
2122
12363130
8231
5104
2236378
11812442
5473
12679773
14905287
17759891
4108376
22488651
485683
7037
8215932
17389905
642676
2817510
17450458
6038
9148457
4647
14458790
21531
3687
41519
13428
32488
22988
8489
2195
8454
20380
16236
10334899
5206
8309
8414972
2110
15249235
26980
13260533
25237
6046473
6442618
17951
15692
2946544
8913479
15908958
34537
184224
86823
6156848
10938451
3015
5152
51070
19888
16526
16408481
13407344
9393967
9750639
12318183
6075
7726948
14975396
20935120
9965132
7947
1666491
1595966
15556520
15839356
10613074
5263
14511605
17854313
14518629
10484138
7720183
6046618
16708
46538
7137558
10758314
11066414
146502
21919801
6082
5144439
13480915
6904
22984
7874593
24251
21713349
9248429
19035
16485870
15910492
9716929
5446201
1324043
28733
61162
18085
18677727
9688421
17874
8488263
3092814
674669
17708627
2051770
12636
10645763
87636
25904
7876161
16878
1993
12757802
14511352
10219401
11342879
6485323
10160376
7048
9118419
2162
10026155
3009
15101540
11112831
840
12402939
4182503
42671
6325821
15241072
12308196
11990
3271666
9571138
649294
11410
59144
5969
1174144
5615765
14564
9499919
10690630
2470535
878
13080054
8721797
15049979
708944
10735915
9376280
11865679
23331
7175
28303
13565410
6251755
55093
13651809
42409
3279176
9722661
15888480
23804
649302
273752
16554233
12857747
185271
5168949
5674
1391205
12084650
16345754
4000220
3930263
6517
35631
39355
2619308
10261764
7135
15424827
6767489
15223392
8526
5968377
84316
11246155
9750744
4727915
13247374
5658
9475434
33437
19191
12191416
19221
11292266
42444
21025466
9247583
9308077
760448
4331308
610
137046
14360487
15947956
15782164
5769176
12543686
4738661
649297
23802
2770483
3079394
15602340
10694828
7200
10788165
18617
19589836
38389
11716098
16986217
6099
23598
11061452
12577045
5862916
15115363
18961011
9191913
10264
9116166
21956
2998395
9559907
6107083
19557765
12480536
15553424
689300
1044978
3742846
8505
9841410
1177804
11975428
60313
14010096
21919798
14341
70021
19249974
10105
12801611
22577911
41529
8270799
20932002
12650
1209605
17904003
13165782
6267142
19821802
704212
9751253
8091
8273037
6044
10998755
1293944
17336
8190821
134369
20253537
12566100
6935
1045594
1425418
28674
5035149
16177005
31691
16484666
11019888
11473614
14575286
25746
1513
3283984
12502
12475480
16669898
13718161
18357147
24435
12624
6686098
9549764
11181062
15130278
7502
6857
101244
15842269
9701366
11753940
410
21637
2806327
11126755
86564
9050484
15087
2983004
8850694
3036
4478434
7073311
21038894
1020
8072099
6111133
22427761
5735
233051
14529058
6397187
17945322
15741799
14542
7831870
8179920
23298
9834954
6046
15441471
3337
8698218
13890314
11521159
11096760
14548700
80641
10305048
23078
2982261
14027932
50889
3761
12053
6229
15681910
11145922
9444284
2562876
9145603
57565
10284513
12987
12504
42918
8180522
1043959
5145
19217269
17057716
12430824
13856814
57736
9964
20276670
7918
12799
3401050
16218
10226024
16678
16188932
15283853
15542
6045
6283146
11004609
4662
60656
3443
7641933
6275
2087158
42846
5509
15593381
8362354
13468633
18707
13423011
71375
10642541
5379
57629
16309643
11987069
43311
14929240
12658234
35392
13903949
11799
14367700
16195
9919797
12016867
18785471
12390638
70811
12326261
43273
14206983
7289
15575548
7752539
8464
10055
3653
12101933
40743
63563
9227377
9752041
20728642
12044278
34525
26207
10911
220502
4454
19157
10674729
57038
9751827
1245454
4365
16536257
772930
43091
9688828
10767403
144359
15605
5523573
13294994
2072623
23847408
1956598
15867313
11739809
12638
7257421
46444
23737379
14161583
17029401
63567
16507274
11330144
12155
1757
11181145
536
24468
5743728
15706845
2903022
1770
15664448
6249956
2101504
1664288
2625124
6236888
26306
10660165
23732
13151072
16015941
4221914
14952737
94738
9675081
5352636
4289295
886
81672
8478
15477637
137045
6352021
49096
15496687
20549653
5494077
12131986
12155241
39417
15643279
12385692
43166
10365195
13660237
8074561
16997227
21588436
13292773
11772813
8640738
5228
14877785
10122
11807232
57906
13303467
29326
61154
21544
14539460
3481
12690
16216541
979101
11993995
43062
26222
12872237
16576
19768930
45474
20482
1453366
17606909
15862084
4988329
3014055
18774891
5713
3685167
14494494
19127
24392
5295576
10412814
24776
3618345
14288239
8004564
15101565
2007182
14310887
16124914
18749043
18597
15003601
7858066
15926875
25501
17634317
6891
49649
23791
22467633
8490
14832480
621589
128275
14610232
1548
1476891
11357432
36534
42629
10641515
37722
10540503
8415466
71279
10110799
9787492
4283103
244628
24481
12874
19809
27063
24003
6510523
7734620
850597
11071563
12012191
7509569
7731132
1148784
8442981
105728
3383
14037048
31622
46549
26289
10443925
20629560
4808
7857297
12304567
46572
44267
290482
2402163
22792248
17933660
1585304
20935113
10029
5974
2596340
10940736
4451
646447
14411167
11426238
16624
3371
7714
13017120
12854876
16246
23695725
15308
6599243
2337392
30254
18754407
18211
9523995
2297776
13443124
18463472
7799037
13215774
40571
10974155
10098761
14819770
10002
13395436
8971649
14690812
3665195
14186526
13114464
6999
5709593
8363470
55344
17363
6242
1052418
12751872
1528
16144683
18391800
2784
2774735
202012
23215367
5162410
5962585
11887909
13689882
10838593
897403
62473
11931116
2457
23872839
15357162
11290439
21403360
596722
12240494
12112160
15499
3491
4947
20886
14938823
4882289
65979
13367886
16403895
5491075
8583531
10430707
18830477
6239585
21448132
16555010
9057117
2812228
17547492
20148
11204932
12180396
10273634
10129390
11157420
14736174
6676482
13589756
5122320
4895470
22471426
16478
4031
50852
10997806
12020905
2724
4157330
20265
15936640
2527149
6049
18684
1543447
88258
6899
10854940
10166
43331
174592
15616516
6042
46358
16102666
14464558
5716
9749628
24017332
54850
19119
20381580
10273
32157
193263
3060
8372575
9333627
8440195
1607940
11940633
16217
11263413
6043
5791339
42719
9452797
4332408
10009
101114
53053
3658
6136605
12759766
20894088
255307
13082658
1070881
5126
25867
9750483
52126
467
19994
15489
5656409
14997963
15636204
4440
10318681
284120
3386578
2258
42955
4740072
2721190
5476283
14851657
15479582
19126276
289536
15442190
1105026
6329374
9721136
6510511
3439
25043567
61693
17916
49008
5463
4912
10565664
16165509
3185677
18109152
12623
15742887
2364894
14379598
8040762
7441
16338
28158
28657
922702
14398593
22497127
9030027
11581413
5523588
7372
8878316
32929
32104
8062585
218636
761403
5612103
94463
6111125
8090
19953676
32425
9198849
7905773
6081
4070355
119603
6172473
21912490
9053623
15960168
30288
9993
12259541
20116
4088954
54725
8204153
10629021
21635641
5175837
35835
16528694
16528
3964
12399
8493525
615836
51149
18802528
10552527
9401532
21348
1044286
10558291
13273348
8176470
42881
948216
208331
3238652
12443
10226028
17613649
4633093
7536
6562085
10954883
12154174
7137
22436
42957
10044
123835
14694932
15062733
33877
11343689
2338
74521
16974000
18875775
39176
14678696
1044660
18235
6384
7558384
1236813
15119595
8240302
9986454
2183
7104
111507
17033803
1690724
43419
5739
12012818
22854739
1455755
12992882
38895
15553010
15553560
5096
5466427
3113
968993
20842
4723192
1844593
4406020
9950264
15217221
12010102
52095
44395
9959008
16684
1388147
84549
1453559
2309
63565
9697578
41404
1525031
3273326
9647703
3037970
35347
15311756
20885
14903909
7835322
3246263
49760
10164967
17983
12482567
12410849
6227
4833737
2367285
7968699
124712
5163
862
12179667
34429
1497
14417321
15438748
20325
13363992
10950826
3815611
6041
10302932
14415
56705
8222573
9749725
17722
996213
7197
819161
6573413
27632
1245974
96115
14044
11779966
9693076
16212
4745313
1463452
9660974
12226807
99006
1530679
11763697
56575
7936738
965870
3252172
8159412
9344835
13669969
10511716
20679095
23204867
17436146
8508341
24641084
101279
10996377
85781
9984
2769053
9627711
12654169
10511715
8093425
827
5024010
16260956
184339
134150
5655
15800813
83720
6467598
11462780
20449211
16504
449996
51027
13380559
9038502
19570511
58195
2554460
24420
15219575
3901838
14310884
15441470
19728454
4804
2735675
6497289
7864474
5068
4153714
24662
2169481
45472
9422618
1907912
17580
68751
36960
3764861
9525458
11233814
224627
9782843
6996
8645481
193729
12434132
16787965
14566306
13392067
13329155
13473968
8273
78399
55140
28008
9219228
4561399
2877371
632406
137048
26483
46764
1855750
10457746
2492968
8220444
213820
1266328
10549220
356695
17938644
15911142
13700581
13870196
20014
11581995
11034559
19489984
9468165
11403
13158758
3342053
1044335
126353
10945719
337
16492
836105
16513
13020339
173672
26658
13905627
14610276
16556425
1175037
18755769
47345
8167826
10867
211071
22589660
13228847
14116644
7971196
13063252
16116196
10342378
121526
96309
2452
10162
15901152
7647777
14489618
11508577
6923
14405915
45488
116569
2174
2358731
9184159
13029642
73349
6052
9750708
5146
3014070
42801
3019892
1539
4479753
889
11770629
30059
8179
13909490
14176705
7352
13926700
3384
12453
16545
4198691
4918
42454
14002121
31219
9020527
8409384
8680318
6106
14367
11017769
9625805
15380786
4570
18971841
1079275
37666
31818
2167831
9609038
18362
17509480
825707
4150
2249
31806
3407
781886
215214
4214518
14934394
14972576
15636593
1290529
71971
7060
51273
14023152
2931191
13668988
18489290
10791311
35566
15390186
25427181
11974103
4231732
88161
10838449
56557
11424
26326
22686679
681230
15464
3689979
12615898
19069
14652250
3782
55205
15966702
14120021
7195
12833353
52295
23307330
14885933
51858
17963931
6574361
18788230
128621
2866872
2384
24962
13921500
8386014
14671573
4425
120314
4672195
161126
2802244
5860
6001
10035647
8151005
5381591
9620638
11815
4070590
5833
23680
19104
14986284
17763637
1333265
2849559
12609446
18910
94143
11773124
13660376
11089116
11079938
9623259
118
12565516
5608
30680
50276
6306
29237
24975
9117047
3256
6322
131256
14116812
1386651
18910684
23533
9272713
15534672
989447
15071787
15140924
40291
19573020
970957
15684739
12911156
13151162
8287115
10938452
39692
9003
11263429
8355743
1044302
23068981
10342376
28301
16578659
16572
46607
3546797
22796
9177866
3515777
16606571
13665477
18043256
27185
8218
14615574
9513418
10321140
120866
13406
19605116
124676
7176253
18679262
87343
8465376
24121
5314308
3944353
12157976
57593
17233201
74539
9741295
3052806
2770390
14406949
1902295
13351660
9273980
9631425
33988
26799
11916
1104713
4953
19187
15530
59701
33999
22647695
325481
5798379
38484
12422078
11008482
18679270
20708398
12659855
35590
9631023
125967
2046754
4615
15110
5335951
8018
2641785
707029
323010
115189
145648
9478025
3683261
134335
1212217
19071868
137076
6465
80645
113886
19274
13687122
5706313
6446
10092
11919311
12751871
18087388
21791844
26223
37723
23854576
29915
24408003
20936082
9614217
13916082
8259
13018033
13674879
16415
16998795
8914373
10783131
8165841
62290
14796
13576
19279740
26512
5758
7481496
649303
9486284
670816
30400
16539
21919805
1148618
53405
8132715
16291
9811756
61156
8903
67410
9289742
19703595
3286156
13036371
8189979
5619
1745710
20220
42214
3100201
13545127
15444945
9750718
5110
12990501
7560831
990503
11621
12240488
39357
23294391
91231
14964851
11142507
30637
42966
11567496
134140
3648378
63561
6443451
19340873
18343201
18694363
920
12372432
15103744
8470
18153
3222452
6108
12546884
598838
8340
23185
39349
27017
11252633
18983
14446
14151518
15944578
522
2380436
7940632
13929029
91256
27157
17819881
5414264
52797
2156736
12637
5903
15254537
24422598
11635128
1491862
5073105
25215827
8002
4865
4505
11407333
13692203
971325
35909
35556
20952
15614245
3338024
7892390
26759
16968455
13723174
95369
29785
10783040
16956964
227169
150163
23127
332
17120722
8892791
58102
23704405
11803390
9607168
10608389
8983
2346
8064007
10785620
2888
11843925
1273133
11291566
8363496
17193189
6315
2415650
85990
16735190
4189194
4831351
21291
18161783
1174409
1630
7965305
5679514
11110335
15755924
11407878
9555893
35206
23067
11441332
2990003
2498178
10606285
10110794
1806760
1255838
26557
13517092
9761305
991065
46029
426602
13958242
2941
13375766
3011762
4599771
726544
2730
11768848
10438220
20709
4014680
15043775
40284
15756793
16607343
15303849
82991
15115546
18277548
4054
20854227
52256
109409
4079879
10025680
12805438
1145147
16357292
13325879
13732610
52549
6057
4090
22098382
10577676
1531
11650020
27479
8363459
1734242
1278307
16922
1146356
12442887
11940631
51348
26321
2042669
14542821
9436270
19036077
3273189
13131451
2787
14934422
1351293
18243154
10357473
78459
15102444
3152
32175
71970
5260060
42655
4194044
12773574
23195758
11001632
22986099
19752155
13303448
13517093
607966
2144
9931519
23918918
8236192
296825
18478069
1503197
325194
73185
18292
62341
861174
13946819
14193308
156532
19030
11818874
11689915
11324685
7860147
96993
23562
7518119
3616158
4464682
6221
12652881
13449629
5079
10624761
15699226
10534803
15408899
8143078
83185
8290
6270548
9750743
10252
6436444
1620244
5696306
71342
5063389
1714436
10010
134329
825708
3293750
16708438
16366184
43232
6574324
2165757
8034876
10147
7659070
11201185
12668289
8141581
13638462
68100
9310829
15945
15767529
9527114
15511110
11059032
1486689
10102557
8016513
106526
3025048
11649760
9669106
1989017
24788
8205912
61691
29457
15030836
2403717
1979
1951747
17568822
23074
2360795
12810077
769334
3396
4115
11477695
58248
17729
5950304
13043318
90441
15435
10725246
11093430
13082852
14802348
1426655
6058
12804963
8775710
8117109
15555
87464
133330
4658044
252467
1262105
57023
7720592
55198
17432610
2808230
16947121
10457824
5175
325459
14714990
5964
27188
21584
8547268
10883237
8183
54638
206379
8621667
359384
20474
123846
12919054
6451153
45468
19230010
2043307
3720689
12179686
15858652
5122416
17018
9827907
170983
12374635
16532
10340854
11610243
7858042
649601
9750715
56259
2458737
53828
24218299
13551833
1253446
17295298
13277023
3253964
10652741
11105001
76114
10138
238845
15490
20000
12922130
14475987
361822
8055156
73952
12630
8454531
205010
3720
8812913
20296983
9784232
10891924
7072152
8379
38613
14248556
11868
4039836
12084323
26182
18153837
2992484
31536
4621807
1029
7543
34924
3622221
15793530
12291096
18466544
20162555
119687
8263168
16557511
59907
2403920
17793957
122878
15425020
12642
47500
42285
4596
25338800
16303
23205451
16112078
49343
184338
10525
60126
8474375
11138019
10011
21707141
23575042
17707129
19379794
30201
3187548
13968072
10926678
5756226
11028795
785052
79990
12189768
17486
2789189
12301031
632386
12652496
12417
8529177
11111240
11097287
7497972
14615585
15069
8253368
5122317
405455
7571386
20892979
8895870
18501
11126737
52574
2652576
9712821
15693751
19646100
11126736
23616444
10225535
9222387
9808471
11201194
12012185
259418
4984670
9731272
57101
3616722
95963
1616325
43275
1483
1820476
10939681
8058202
14640013
12510475
15480995
20820
2910017
8148718
670821
73460
1209616
13161023
11907982
8157140
7576788
10661258
6290513
16503434
5419149
9959035
9273970
1598375
16211
100780
8180699
51586
360
56970
291420
19048438
21626997
6170893
2904
12667795
12503694
5523624
9930987
3624528
200945
18680199
22853
3254
16585458
20911
17775576
2499526
13349017
80602
8193712
6205
1217701
12485
8196
9914753
11996975
73356
25587
1146474
1182708
31813
134441
7121
29255
298929
19121
49011
10966523
20481
9040086
2553
22987
4967190
9685793
3331476
15575
14198162
18156316
12852507
18997
9924690
106585
9032361
3779194
9492687
8604150
4399137
11882952
11857338
16833518
8547272
7825091
10037
12763207
8486542
34930
696577
17695
11598025
9472883
8478288
38446
21326
5172768
12672820
19453
155100
13687337
59118
13887
12175778
4784
7118
12291342
14174789
205009
12246720
91939
14117373
15150081
909
8005015
13992951
39979
13659977
417115
59673
71149
17837807
17798271
19812
10157219
6058023
5895
18882930
325488
10511717
13886788
83203
205008
33136
11069074
22109069
18984
94997
109
3430
179981
117405
2296662
10028
12729043
4018142
16170285
20702993
1896314
41577
10150
649653
139789
14754434
14995219
394064
37064
15145471
8520591
20123
5977
23850
42812
8961756
11563350
4200006
10525270
9050600
12611009
2250245
2324271
13471235
10279453
13677809
22979
18520814
86263
1495501
1044340
34547
13294075
4652
31994
3629458
10016
15642
8610453
2977710
112269
11316549
49824
9055845
2892956
12148540
11094403
28772
133
6326424
12899329
11462942
12362315
17897154
78814
12496371
757152
7150
10008866
13249896
14040074
18904035
11134949
2415468
4422189
14978082
5679526
15034222
5776681
12562181
17567080
5818
10955512
9719973
14939728
24492919
1155737
1209612
12681581
4914724
2741
6873025
16203
4323
16333626
18679256
12601
10467
6692840
29896
48857
8807712
6558339
35375
20421629
6886
9356791
18568872
290312
2312013
13244679
5351402
6388945
7748382
6009975
120319
13306364
4934
10580678
1048789
7341
32551
7251824
21761
12914909
1236812
13707518
16036
6171694
8520238
5764
2744
20139970
13317029
11475832
56129
10583984
2692899
71120
5373964
23927825
10626738
5978
100738
2860311
19458498
29788
2677
20171666
39917
10132808
9900301
19383995
23959
23513768
6283
9907048
18514380
13071126
10838879
26377
3825
101961
3799734
9045054
10646247
372254
14029655
16348079
17963878
14315881
14110263
9374127
15356461
11408099
7464070
16181
376299
16555
18465682
15837856
12073884
670818
7767575
5127
13702912
4464677
15846384
69835
19107665
1119185
12520681
2595
772931
9227374
13207187
14601244
9750723
6686433
493568
47836
20927
7470086
11906180
9698034
45003
14288266
27555
15134294
1031302
1279654
10504045
19562858
36483
12213715
10670720
9774
13501994
73973
11208
108874
3022614
3285423
58112
13338054
8074492
96020
15543689
22536591
8174685
23538
9032398
1344617
2357442
16908668
5183
11395360
4986878
861081
18143
91317
15531393
22184317
51437
4194080
325388
12510717
4312439
193426
13490
8327899
10606466
11144527
13348940
8710736
2804
34519
6187725
6374413
3818
1751493
8320656
8952557
14990533
12906911
4182694
956036
149830
1006516
111698
12590104
3120392
21852517
1532415
150431
59827
20847841
24669
16304940
228469
5145202
116666
162271
61180
3934368
19246213
3196299
13586599
31480
16060276
6115662
16158458
6574452
9667853
32211
7984921
1973849
12974
12914895
154198
13189483
19029739
282794
33943
13034519
11804
139152
9649019
40783
16449442
1881850
30097
20803044
9038503
6009
1732114
50710
7507395
74004
8175
15849002
16781186
5005522
13663276
15662
11989747
11627074
13509906
10033176
4152
22423851
16208
18744835
14906904
1572475
12311955
10799147
5198015
5060
18946
19265246
12478424
7703501
7866527
6890
985277
4670809
15596403
4143546
5159724
3263685
20933475
13492604
1500148
901022
30242
22607603
14311018
7930165
44403
13912108
231876
18229
4051
7358
45469
12543437
6818
5423225
9927769
68640
3731466
10735654
99368
19794642
15653
60679
16595
32738
173662
10259246
109570
74326
17643
30978
7767802
13660968
14943641
5366032
15470916
11184186
5561676
56476
4987638
16420786
9782401
22512
8185052
8932154
1463125
16542
568572
5512
25405724
2400353
165869
19950057
9440431
57066
2272475
15767308
26366
23119061
2349106
3219594
464514
14477661
19706
157529
14131704
23301992
344305
15914127
2042807
13449702
135625
11623663
3371044
1102929
3081803
8889731
53052
18996
13709321
11345510
10677922
8322735
4919591
10533267
12179670
2987
10742540
26184
15260
10784056
111484
325450
2793738
8906143
785700
2659342
8558565
27814
19155
24664390
22247
12762421
1492128
10031071
35483
9543459
1249170
15308783
11665985
62770
6822388
12242191
15545287
14191081
12036013
146122
6746888
15050669
2247
15221632
16270
13153938
86847
15573339
21901086
4467279
12317618
11762031
18477
94531
9469996
4915395
7342
2129329
8552817
18582659
13233244
8414
79439
100217
662638
11184149
35144
22982
13390500
11243526
20554478
836012
6547586
2782533
10939998
12116438
19026
2959
5827
4806661
23222166
8654307
18838113
19440
12049522
3678811
2989697
9914796
8601606
14422520
371
27579
8449340
11077066
45462
9340204
7572864
230880
2529091
8976111
57933
10419943
16049191
1115685
21671688
11954231
14275100
10084
13341198
9924689
17608547
10427660
11538974
12002702
4800
24522
31468
21406543
15512971
2814053
16632
4139
210947
14908201
128208
35839
8503
5089621
11874299
7324
12032630
13697147
18242934
2338107
464
19194
6889
4646676
11034017
13260462
5654371
356125
10940702
81241
126495
23168
19721
13899234
1188965
21585
13552176
12609762
711818
6145236
9688820
12494047
13024410
11680562
8205
2314
15879363
9749404
2114939
134495
2837
14060193
167882
11140158
18540851
12730948
17665
977514
2601859
20847916
16688064
134488
11000208
2308057
4126660
13480632
23025855
25497
116854
12093568
34393
2525
8537631
15360850
12541879
11148288
74551
16514027
34342
13673
33670
9877400
2428897
2087447
1412720
670822
774251
38632
22829657
16349040
12336441
15439194
450147
1542550
22632627
11173129
11004939
6967406
13125462
31793
570597
20186
8080167
12617
17750
81003
86217
18429510
20034
14286827
8422
5776
14122746
273012
33809
753540
45623
11218402
7863
12236482
22533612
143772
11480723
8419
142029
2946064
18575
10809271
11125808
4865898
13954145
62213
19635483
8752
9896144
12961740
19372986
49325
3007
173676
104720
704207
57767
20061
23194
38936
16307124
4481068
21975518
14878373
93430
5178
9627420
13329
17631458
2307921
10519646
5698531
19640942
2885193
607584
6430070
18298896
8412247
8589256
12803537
14331010
12849701
10632049
2125482
5964099
27175
15993668
20032
11647
2232
15459068
15480393
9351577
15236377
22722985
4039
12511042
37720
8253810
22707939
3894746
14759341
8252836
15389944
4906465
12055
1395442
13465033
14333492
22046330
4930491
8528
17514
1867270
13390188
19722
15109047
20493
13020522
15446855
617049
11713924
4993286
19900534
13539088
1634147
14016667
2172871
1390762
25443
2934
22692758
14970090
18932
9627056
19112968
13241296
13493138
3841941
9274034
15101561
5862612
10049223
12617951
121568
10898905
12481927
14795628
8873909
13414064
765551
10192
142748
48117
347901
12849258
1521
8302
6573066
117596
2124835
310748
15390471
4104263
146541
8502952
15257232
16535466
2944610
5371410
14134905
8436616
19033373
2408577
19300
13393632
10764711
15383362
10205965
13480686
29781
19642869
12012192
9418436
18108083
1839716
12453027
11189
14282
19348192
14498343
16006384
5681
13645644
12553468
5854
12943
11934469
8923471
12416
387092
49736
15345043
19668
6171695
10738779
5267361
5144215
6270
2193624
10636880
2177
12125041
828677
3979446
18721
8014
15310
10005524
13034479
12420263
9770871
11080861
822799
11371239
9749507
8482
14424998
14046939
3027903
14920437
31560
272831
12383902
974488
12911155
16222
17860
8257145
32423
27006
6159
15236380
13619359
7940036
9872494
2962443
2054830
2968
11400504
18673
612252
15784924
12868954
